LESGO



THIS IS FOR MOVES COMPLETED = 1

0 200 99.5
1 23 9.5
1 31 16.5
1 28 13.5
1 35 20.5
1 27 12.5
1 27 13
1 29 15
2 5 2.5
2 6 3
2 3 2
2 5 3.5
2 4 2
2 4 2.5
2 3 0.5
2 3 1.5
2 4 2
2 5 2
2 3 1
2 4 1.5
2 4 2
2 5 4
2 3 1.5
2 5 3
2 4 1.5
2 4 1.5
2 5 3.5
2 7 4.5
2 5 4
2 4 3
2 3 2
2 3 1
2 4 1.5
2 4 2
2 3 1
2 3 0.5
2 4 1.5
2 3 1
2 4 2.5
2 4 2
2 3 1
2 4 1.5
2 4 2
2 4 3
2 4 1.5
2 4 2.5
2 5 3
2 4 0.5
2 3 1
2 4 1.5
3 1 0.5
2 4 2
2 3 1
2 4 2.5
3 1 1
2 3 1
3 1 0.5
3 1 0.5
2 3 1
2 4 2
3 1 0.5
3 1 1
3 1 0.5
3 1 1
2 3 2
3 1 0.5
3 1 0
3 1 0
3 1 0
3 1 0.5
3 1 0.5
3 1 1
3 1 0.5
3 1 1
3 1 0.5
3 1 1
3 1 0.5
3 1 0.5
3 1 0
3 1 1
3 1 0.5
3 1 0
3 1 0.5
3 1 1
3 1 0
3 1 0.5
3 1 0.5
3 1 1
3 1 1
3 1 1
3 1 0.5
3 1 0.5
3 1 0.5
3 1 0.5
3 1 0.5
3 1 0.5
3 1 0.5
3 1 0.5
3 1 1
3 1 0.5
3 1 0.5
3 1 0.5
3 1 0.5
3 1 0
3 1 1
3 1 0.5
3 1 0.5
3 1 0.5
3 1 0.5
3 1 1
3 1 0.5
3 1 0
3 1 0.5
3 1 0
3 1 0.5
3 1 0.5
3 1 0
3 1 0.5
3 1 0.5
3 1 0.5
3 1 0.5
3 1 0.5
3 1 0.5
3 1 0
3 1 0.5
3 1 1
3 1 0.5
3 1 0.5
3 1 0.5
3 1 0.5
3 1 0
3 1 0.5
3 1 0.5
3 1 0.5
3 1 0.5
3 1 1
3 1 0.5
3 1 0.5
3 1 1
3 1 0
3 1 0.5
3 1 0.5
3 1 0.5
3 1 0.5
3 1 0.5
3 1 0.5
3 1 0.5
3 1 0.5
3 1 0.5
3 1 1
3 1 0.5
3 1 0.5
3 1 0
3 1 1
3 1 0.5
3 1 0
3 1 0.5
3 1 1
3 1 0.5
3 1 1
3 1 0.5
3 1 0
3 1 0.5
3 1 0
3 1 0
3 1 0.5
3 1 0.5
3 1 0.5
3 1 0.5
3 1 0
3 1 0.5
3 1 0.5
3 1 0.5
3 1 0.5
3 1 0.5
3 1 0.5
3 1 0
3 1 1
3 1 0
3 1 0.5
3 1 0.5
3 1 0.5
3 1 1
3 1 0
3 1 0.5
3 1 0.5
3 1 0.5
3 1 0
3 1 0.5
3 1 1
3 1 0
3 1 0.5
3 1 0.5
3 1 0.5
3 1 0
3 1 0
3 1 1
3 1 1
3 1 1
3 1 0.5
3 1 0.5


THIS IS FOR MOVES COMPLETED = 2

0 200 101.5
1 23 9
1 36 20.5
1 28 13.5
1 24 10
1 33 18.5
1 32 17
1 24 10
2 4 2.5
2 3 1.5
2 2 1
2 2 1.5
2 3 1.5
2 2 1.5
2 3 2
2 3 1.5
2 3 1.5
2 2 1.5
2 3 1.5
2 2 1
2 3 2
2 2 1.5
2 3 1
2 4 3.5
2 2 1
2 2 1
2 3 1.5
2 3 1.5
2 2 1.5
2 3 2.5
2 2 1.5
2 2 0
2 2 0.5
2 4 2.5
2 2 1
2 3 1
2 1 0
2 2 1
2 2 1
2 2 1.5
2 3 1.5
2 3 1
2 2 0.5
2 3 1
2 3 1
2 2 1
2 2 1
2 2 0
2 3 2
2 3 1
2 2 1
2 3 2
2 2 1.5
2 2 1.5
2 2 1
2 3 1.5
2 2 1
2 3 1.5
2 2 0
2 3 1
2 3 2
2 2 0
2 2 1
2 2 0
2 2 1
2 2 1
2 3 1
2 2 1
2 3 1
2 3 2
2 4 2
2 2 1
2 2 1
3 1 0.5
2 2 1
2 2 1
2 2 1
2 3 1.5
2 3 2
3 1 0
2 2 1.5
2 3 2.5
2 2 0
2 3 1
2 2 1.5
3 1 0.5
3 1 0.5
2 2 1
3 1 0
2 2 1.5
3 1 0.5
3 1 0.5
3 1 0.5
2 2 1.5
3 1 0.5
3 1 0.5
3 1 0.5
3 1 0.5
3 1 0.5
3 1 0.5
3 1 0.5
3 1 0.5
3 1 0
3 1 0.5
3 1 0.5
3 1 0
3 1 1
3 1 0.5
3 1 0.5
3 1 0.5
3 1 0
3 1 0.5
3 1 1
3 1 0
3 1 0.5
3 1 0.5
3 1 0.5
3 1 0.5
3 1 0.5
3 1 0.5
3 1 0
3 1 0.5
3 1 1
3 1 0
3 1 1
3 1 0.5
3 1 0.5
3 1 1
3 1 0.5
3 1 0.5
3 1 0
3 1 0.5
3 1 0.5
3 1 1
3 1 0.5
3 1 0.5
3 1 0.5
3 1 0.5
3 1 1
3 1 0.5
3 1 1
3 1 1
3 1 0.5
3 1 1
3 1 0.5
3 1 0
3 1 0.5
3 1 0.5
3 1 1
3 1 0.5
3 1 0
3 1 1
3 1 1
3 1 0.5
3 1 0.5
3 1 0.5
3 1 0.5
3 1 0.5
3 1 0.5
3 1 0.5
3 1 0
3 1 0.5
3 1 0.5
3 1 0
3 1 1
3 1 0.5
3 1 1
3 1 1
3 1 0
3 1 0.5
3 1 0.5
3 1 0.5
3 1 0.5
3 1 0.5
3 1 0
3 1 0.5
3 1 0.5
3 1 0.5
3 1 0.5
3 1 0.5
3 1 0.5
3 1 0
3 1 0.5
3 1 0.5
3 1 0
3 1 1
3 1 0.5
3 1 1
3 1 1
3 1 1
3 1 0.5
3 1 1
3 1 0.5
3 1 0.5
3 1 0.5
3 1 1
3 1 0
3 1 0.5
3 1 0.5
3 1 1
3 1 0


THIS IS FOR MOVES COMPLETED = 3

0 200 84
1 23 13.5
1 23 13.5
1 24 15
1 22 12.5
1 18 8.5
1 20 10.5
1 27 18
1 21 11.5
1 22 13
2 2 1.5
2 2 1
2 2 0.5
2 2 0.5
2 2 0.5
2 2 1
2 2 1
2 3 1.5
2 2 1
2 2 1
2 2 1
2 3 2
2 2 2
2 2 0
2 2 1
2 2 0.5
2 2 0
2 2 0.5
2 1 0
2 2 0.5
2 2 0.5
2 3 1
2 2 0.5
2 3 1
2 2 0.5
2 2 0.5
2 2 1
2 2 1
2 2 1.5
2 2 0.5
2 3 2.5
2 2 0.5
2 2 0
2 3 1
2 2 1
2 2 0.5
2 3 2
2 2 1
2 2 0.5
2 3 1
2 3 2.5
2 2 1.5
2 2 1
2 2 0.5
2 2 1
2 2 1
2 3 1.5
2 2 0.5
2 2 0.5
2 2 1
2 2 1
2 2 0.5
2 2 1
2 1 0
2 2 1
2 2 0
2 2 1
2 2 0.5
2 2 0.5
2 3 1.5
2 2 1
2 2 1
2 2 1
2 2 0
2 2 1
2 2 1.5
2 2 1
2 2 1
2 2 0.5
2 1 0
2 2 0.5
2 2 1
2 2 0.5
2 2 0.5
2 2 1.5
3 1 0.5
2 3 2
2 2 0.5
2 2 0.5
2 2 1.5
2 2 1
2 2 1
2 2 1
2 2 0.5
3 1 0.5
2 2 1
2 2 1
2 1 0
2 1 0
3 1 1
3 1 0.5
2 1 0
2 2 2
2 2 1.5
3 1 0
3 1 0.5
2 2 1.5
3 1 0
3 1 0.5
2 2 1
3 1 0.5
3 1 0.5
3 1 0.5
3 1 0.5
3 1 1
3 1 0
3 1 1
3 1 0.5
3 1 0.5
3 1 0
3 1 0.5
3 1 0.5
2 1 0.5
3 1 0.5
3 1 0.5
3 1 0.5
3 1 1
3 1 1
3 1 0
3 1 0.5
3 1 0
3 1 0.5
3 1 0
3 1 0.5
3 1 1
3 1 0.5
3 1 0.5
3 1 0
3 1 1
3 1 0.5
3 1 1
3 1 0.5
3 1 1
3 1 0.5
3 1 0.5
3 1 0.5
3 1 1
3 1 0.5
3 1 0.5
3 1 0.5
3 1 0.5
3 1 0.5
3 1 0.5
3 1 0.5
3 1 1
3 1 0.5
3 1 0.5
3 1 0
3 1 0.5
3 1 0.5
3 1 0.5
3 1 0.5
3 1 0.5
3 1 1
3 1 0.5
3 1 0.5
3 1 0.5
3 1 0
3 1 0.5
3 1 0.5
3 1 0.5
3 1 1
3 1 0.5
3 1 0.5
3 1 0.5
3 1 1
3 1 0.5
3 1 0.5
3 1 0.5
3 1 0.5
3 1 0.5
3 1 0.5
3 1 0.5
3 1 1
3 1 1
3 1 0.5
3 1 1
3 1 1
3 1 0.5
3 1 0.5
3 1 0
3 1 0.5
3 1 0.5
3 1 1
3 1 1
3 1 0.5
3 1 1
3 1 0.5
3 1 0.5
3 1 0.5
3 1 0.5


THIS IS FOR MOVES COMPLETED = 4

0 200 96
1 23 12.5
1 22 11
1 22 11.5
1 20 9
1 22 11.5
1 27 16.5
1 22 11
1 22 11.5
1 20 9.5
2 4 2
2 3 1.5
2 2 0.5
2 3 1.5
2 3 1.5
2 3 2
2 2 0.5
2 2 1
2 2 1
2 2 0.5
2 4 2.5
2 3 1.5
2 2 1
2 3 1
2 3 1.5
2 2 0.5
2 2 0.5
2 3 1.5
2 3 1.5
2 2 1
2 3 1.5
2 2 1
2 2 0.5
2 2 1
2 3 2.5
2 4 2
2 2 1
2 4 2.5
2 2 0.5
2 2 0.5
2 2 1
2 2 1
2 2 1
2 2 0.5
2 3 1.5
2 2 1
2 3 1.5
2 2 1
2 2 1
2 3 1
2 3 2
2 2 1
2 2 1
2 2 0
2 2 1
2 2 1
2 3 1.5
2 2 1
2 3 2
2 4 2.5
2 2 0
2 3 1.5
2 2 1
2 2 1
2 2 0.5
2 2 0.5
3 1 0.5
2 3 2.5
2 2 0
2 2 1
2 2 1
2 2 0.5
2 2 0
2 3 2
2 2 1
2 2 1
2 3 1
3 1 0
2 2 1
2 2 1
2 2 0.5
2 2 1
2 2 1
2 3 2.5
2 3 2
2 2 0.5
3 1 0.5
3 1 1
3 1 0.5
3 1 1
3 1 0.5
3 1 1
2 3 2
3 1 0.5
3 1 0
3 1 0.5
3 1 0.5
2 3 2.5
3 1 0.5
3 1 1
2 2 0.5
3 1 1
3 1 0.5
3 1 0.5
3 1 0.5
3 1 0.5
3 1 0
3 1 0.5
3 1 0.5
2 2 1
3 1 1
3 1 0.5
3 1 0.5
3 1 0.5
3 1 0.5
3 1 0.5
3 1 1
3 1 0.5
3 1 0.5
3 1 1
3 1 0
3 1 0
3 1 0.5
3 1 0.5
3 1 0.5
3 1 0.5
3 1 0.5
3 1 1
3 1 0.5
3 1 1
3 1 0
3 1 1
3 1 0.5
3 1 0.5
3 1 0.5
3 1 0.5
3 1 0.5
3 1 0.5
3 1 1
3 1 0.5
3 1 0.5
3 1 0.5
3 1 0.5
3 1 0.5
3 1 1
3 1 0.5
3 1 0.5
3 1 0
3 1 0
3 1 0
3 1 0.5
3 1 0
3 1 0.5
3 1 0.5
3 1 1
3 1 0.5
3 1 0.5
3 1 0
3 1 0.5
3 1 0
3 1 0.5
3 1 0
3 1 0.5
3 1 1
3 1 0
3 1 0
3 1 0.5
3 1 0.5
3 1 0.5
3 1 0.5
3 1 0
3 1 0
3 1 0.5
3 1 0.5
3 1 0.5
3 1 0
3 1 1
3 1 0.5
3 1 0.5
3 1 0.5
3 1 0.5
3 1 0.5
3 1 0.5
3 1 1
3 1 0.5
3 1 0.5
3 1 0
3 1 0
3 1 0.5
3 1 0.5
3 1 0.5
3 1 0
3 1 0.5
3 1 0.5
3 1 0.5
3 1 0.5
3 1 0.5
3 1 0.5
3 1 1
3 1 1
3 1 0.5


THIS IS FOR MOVES COMPLETED = 5

0 200 86.5
1 15 7
1 16 8.5
1 19 12
1 18 11
1 16 9
1 20 13.5
1 15 7.5
1 15 7.5
1 18 11
1 18 11
1 16 9
1 14 6.5
2 2 0.5
2 2 1
2 2 1
2 2 1.5
2 2 1
2 2 0.5
2 2 1
2 2 1
2 1 0.5
2 2 1
2 1 0
2 2 1.5
2 2 1
2 2 1
2 2 1
2 1 0.5
2 2 1
2 1 0
2 1 0.5
2 2 1.5
2 1 0.5
2 1 0.5
2 2 1
2 1 0
2 2 0.5
2 1 0
2 2 1
2 2 1
2 1 0.5
2 2 1
2 1 0.5
2 1 0.5
2 1 0
2 2 0.5
2 2 0.5
2 1 0
2 1 0
2 1 0
2 1 0
2 1 0
2 2 1
2 2 1
2 1 0
2 1 0.5
2 1 0
2 2 1
2 1 0.5
2 1 0
2 2 1
2 2 1
2 1 0.5
2 1 0
2 1 0.5
2 2 1.5
2 1 0
2 1 0.5
2 2 1
2 2 1
2 1 0.5
2 2 1
2 1 0.5
2 2 0.5
2 1 0.5
2 2 1.5
2 1 0
2 1 0.5
2 1 0.5
2 1 0
2 1 0
2 1 0
2 2 1.5
2 1 0.5
2 1 0.5
2 1 0.5
2 1 0.5
2 1 0
2 2 1
2 1 0.5
2 2 1.5
2 2 1
2 1 0.5
2 2 1.5
2 1 0.5
2 2 1.5
2 1 0
2 1 0.5
2 1 0.5
2 2 0.5
2 1 0.5
2 2 1
2 1 0.5
2 2 1.5
2 1 0.5
2 2 1
2 1 0.5
2 1 0.5
2 1 0.5
2 1 0.5
2 1 0
2 1 0
2 1 0.5
3 1 0.5
2 1 0.5
2 1 0.5
2 1 0.5
2 1 0.5
2 1 0
2 2 1.5
2 2 0.5
2 1 0
2 1 0.5
2 2 2
2 1 0.5
2 2 1
3 1 1
2 1 0.5
2 2 1.5
2 1 0.5
2 1 0.5
2 1 0.5
3 1 0.5
2 1 0
2 1 0.5
2 1 0
2 1 0
2 1 0.5
2 1 0.5
3 1 0
3 1 0.5
3 1 0.5
2 1 0.5
2 1 0
2 1 0
3 1 0
2 1 0.5
2 2 1.5
2 1 0
2 1 0.5
2 1 0.5
3 1 0.5
2 1 0.5
2 1 0.5
3 1 0.5
3 1 0.5
2 1 0.5
3 1 1
3 1 0.5
2 1 0.5
3 1 0.5
3 1 1
3 1 0.5
2 1 0.5
2 1 0.5
3 1 0
3 1 0.5
3 1 0.5
3 1 0.5
3 1 0.5
3 1 1
3 1 0.5
3 1 0.5
3 1 1
3 1 0.5
2 1 0.5
3 1 0.5
3 1 0.5
3 1 1
3 1 0.5
3 1 0.5
3 1 0.5
3 1 0.5
3 1 0.5
3 1 0.5
3 1 0.5
3 1 1
3 1 1
3 1 0.5
3 1 1
3 1 0.5
3 1 0.5
3 1 0.5
3 1 0
3 1 0.5
3 1 0.5
3 1 0.5
3 1 1
3 1 0.5
3 1 1


THIS IS FOR MOVES COMPLETED = 6

0 200 89.5
1 21 12
1 17 8
1 25 16
1 21 12.5
1 20 11
1 23 14
1 18 9
1 18 9
1 16 6.5
1 21 12.5
2 2 0.5
2 6 4
2 2 0
2 2 1.5
2 2 1.5
2 2 1
2 1 0
2 1 0
2 2 1.5
2 2 2
2 2 1
2 3 2
2 4 1
2 2 1
2 2 1.5
2 2 2
2 3 2
2 2 1
2 2 1
2 2 0.5
2 6 4
2 2 0
2 2 1.5
2 3 2.5
2 2 1
2 2 1
2 2 1
2 2 0
2 2 1
3 1 0
2 2 0
2 2 0.5
2 2 1
2 2 0.5
2 1 0
2 2 1
2 2 0.5
2 2 1.5
2 2 0.5
2 2 1
2 2 1
3 1 0.5
2 2 0.5
2 2 1
2 2 1.5
2 2 1.5
2 2 1
2 2 0.5
2 2 1
2 2 1
3 1 1
2 2 1
2 2 1
2 1 0
2 1 0.5
2 2 0
2 2 1.5
3 1 0
2 2 0.5
2 2 1
2 2 1
2 2 1
2 1 0
2 2 1
2 1 0
2 2 1
2 2 0.5
2 1 0.5
2 1 0
2 1 0
2 2 1
2 1 0
2 2 1
2 2 1
2 2 1.5
3 1 0
2 2 0.5
2 2 0.5
2 2 1
2 2 0.5
2 2 1
2 1 0.5
3 1 0.5
2 2 1
2 1 0
2 2 1.5
2 1 0
2 2 0.5
2 2 1
2 1 0
3 1 0.5
2 2 1
2 1 0.5
2 1 0.5
3 1 0
3 1 0.5
2 1 0.5
2 2 1
2 2 1.5
3 1 0.5
2 2 0.5
2 1 0
2 2 0.5
2 1 0.5
2 1 0.5
3 1 0.5
3 1 0.5
2 1 0.5
3 1 0.5
3 1 0.5
3 1 0.5
3 1 1
2 1 0
2 1 0.5
3 1 0
3 1 0.5
3 1 0.5
2 1 0.5
2 1 0.5
2 1 0
3 1 0.5
3 1 1
3 1 0.5
3 1 0
3 1 0
3 1 0.5
2 2 1.5
3 1 0.5
3 1 0
3 1 0.5
3 1 0
3 1 1
3 1 0.5
3 1 0.5
3 1 0.5
3 1 1
3 1 0.5
3 1 0.5
3 1 0.5
3 1 0.5
3 1 0.5
3 1 0.5
3 1 0.5
3 1 0.5
3 1 0
3 1 0.5
3 1 1
3 1 0.5
3 1 0.5
3 1 0
3 1 1
3 1 0.5
3 1 0.5
3 1 0.5
3 1 0.5
3 1 1
3 1 1
3 1 0.5
3 1 1
3 1 0
3 1 0.5
3 1 0.5
3 1 0.5
3 1 1
3 1 0.5
3 1 0.5
3 1 0
3 1 0.5
3 1 1
3 1 0.5
3 1 0.5
3 1 0.5
3 1 0.5
3 1 1
3 1 0.5
3 1 0.5
3 1 0.5
3 1 0.5
3 1 0
3 1 0.5
3 1 1
3 1 0
3 1 0.5
3 1 0.5
3 1 0.5
3 1 1
3 1 0
3 1 0.5
3 1 1
3 1 1


THIS IS FOR MOVES COMPLETED = 7

0 200 85
1 21 11.5
1 27 18
1 23 13.5
1 17 7
1 22 12.5
1 25 16
1 18 8
1 21 11.5
1 26 17
2 2 1
2 2 1
2 2 1.5
2 3 1
2 2 1
2 1 0.5
2 2 1
2 1 0
2 2 0.5
2 2 1
2 2 1.5
2 2 1.5
2 2 1.5
2 2 1
2 2 0
2 1 0.5
2 2 1.5
2 2 0.5
2 2 1
2 3 1
2 2 0.5
2 2 1
2 1 0.5
2 2 0
2 1 0.5
2 1 0
2 1 0
2 2 1.5
2 1 0
2 3 1.5
2 2 0.5
2 1 0
2 2 1.5
2 1 0.5
2 2 1
2 1 0.5
2 1 0
2 2 1
2 2 1
2 3 1.5
2 2 1
2 2 0
2 1 0
2 2 0
2 2 1
2 1 0.5
2 2 1.5
2 1 0.5
2 2 0.5
2 1 0
2 2 1.5
2 2 0.5
2 3 1
2 2 0.5
2 2 1
2 2 2
2 2 1
2 1 0.5
2 1 0
2 2 1.5
2 3 1
2 2 0.5
2 2 0.5
2 2 1
2 3 0.5
2 1 0
2 2 1
2 2 1
2 2 1
2 1 0
2 2 1
2 1 0
2 2 2
2 2 0.5
2 1 0
2 3 1
2 2 1
2 1 0.5
2 2 1
2 1 0.5
2 2 1
2 2 1
3 1 1
2 2 1
2 1 0.5
2 2 0.5
2 1 0.5
2 1 0.5
3 1 0.5
2 1 0
2 1 0
2 1 0.5
2 2 0.5
2 1 0.5
2 2 1
2 2 1
2 1 0.5
3 1 0.5
2 2 0.5
2 1 0
2 2 1
2 2 1.5
3 1 0.5
2 1 0
2 2 0.5
2 1 0.5
3 1 0.5
2 2 1
2 1 0.5
2 1 0.5
3 1 0
2 1 0
2 2 2
3 1 0
3 1 1
3 1 0.5
3 1 0
3 1 1
2 1 0.5
3 1 1
3 1 1
2 1 0
3 1 1
3 1 0
3 1 0.5
3 1 1
3 1 0.5
3 1 0.5
3 1 0.5
2 2 2
3 1 0.5
3 1 1
3 1 0.5
3 1 1
3 1 0.5
2 1 0
3 1 1
2 1 1
3 1 0
3 1 0.5
3 1 1
3 1 0.5
3 1 0.5
3 1 0.5
3 1 0.5
3 1 0.5
3 1 0.5
3 1 0.5
3 1 0.5
3 1 0.5
3 1 0.5
3 1 0.5
3 1 1
3 1 0
3 1 0.5
3 1 1
3 1 0.5
2 1 1
3 1 0.5
3 1 1
3 1 0.5
3 1 0.5
3 1 0.5
3 1 0.5
3 1 0.5
3 1 1
3 1 0
3 1 1
3 1 0.5
3 1 1
3 1 0.5
3 1 1
3 1 0.5
3 1 1
3 1 0.5
3 1 0.5
3 1 0.5
3 1 0.5
3 1 1
3 1 0
3 1 1
3 1 1
3 1 0
3 1 0.5
3 1 1
3 1 0.5
3 1 0.5
3 1 0.5
3 1 0.5
3 1 0.5
3 1 0.5


THIS IS FOR MOVES COMPLETED = 8

0 200 92
1 28 18
1 20 9.5
1 20 9.5
1 25 14.5
1 20 10
1 25 15
1 21 11
1 19 8.5
1 22 12
2 2 1
2 1 0
2 2 1
2 1 0.5
2 1 1
2 1 1
2 1 0.5
2 1 0.5
2 1 0
2 1 0.5
2 2 0.5
2 1 0
2 1 0.5
2 2 1
2 1 0
2 1 0.5
2 2 1
2 1 0.5
2 1 0.5
2 1 0.5
2 1 0
2 1 1
2 1 0
2 2 0.5
2 1 0
2 1 0
2 2 1
2 1 0.5
2 1 0.5
2 1 0.5
2 1 0.5
2 1 0
2 1 0
2 2 1.5
2 1 0.5
2 1 0
2 1 0.5
2 1 0.5
2 2 1.5
2 1 0.5
2 2 1.5
2 1 0.5
2 1 0
2 1 0.5
2 1 0.5
2 1 0.5
2 2 0.5
2 1 0.5
2 1 0.5
2 1 0
2 1 0.5
2 1 0.5
2 2 1
2 1 0.5
2 1 0.5
2 1 1
2 1 0.5
2 1 0.5
2 1 0.5
2 1 0.5
2 1 0.5
2 1 0
2 1 0.5
2 1 0.5
2 2 1.5
2 1 0.5
2 1 0
2 2 1.5
2 1 0.5
2 1 1
2 1 0.5
2 1 0
2 1 0.5
2 1 0.5
2 1 0.5
2 1 0
2 1 0
2 1 0.5
2 1 0
2 1 0
2 1 0.5
2 1 0.5
2 1 1
2 1 0.5
2 1 0.5
2 1 0.5
2 1 0
2 1 0
2 1 0.5
2 1 1
2 1 0.5
2 1 0.5
2 2 1.5
2 1 0.5
2 1 0.5
2 1 1
2 2 1
2 1 0.5
2 1 0.5
2 1 1
2 1 0
2 1 1
2 1 0.5
2 1 0
2 1 1
2 1 0.5
2 1 0.5
2 1 1
2 1 0
2 1 0.5
2 1 0.5
2 1 0.5
2 1 0
2 1 0.5
2 1 1
2 1 1
2 1 0
2 1 0
2 1 0.5
2 1 0.5
2 1 0.5
2 1 0.5
2 1 0
2 1 0.5
2 1 0.5
2 1 1
2 1 0.5
2 1 0
2 1 0.5
2 1 1
2 1 0.5
2 1 0
2 1 1
2 1 1
2 1 0.5
2 1 0.5
2 1 0.5
2 1 0
2 1 0.5
2 1 0.5
2 1 0.5
2 1 0.5
2 1 0
2 1 0
2 1 0.5
3 1 1
3 1 0.5
2 1 0.5
2 1 1
2 1 0
2 1 0.5
2 1 0.5
2 1 0.5
2 1 0.5
2 1 1
2 1 0
2 1 1
3 1 1
2 1 0.5
3 1 0
3 1 0.5
2 1 0
2 1 0.5
2 1 0
2 1 0.5
2 1 0.5
2 1 1
3 1 0.5
3 1 0.5
2 1 0.5
2 1 0.5
2 1 0.5
2 1 0.5
2 1 0.5
3 1 1
3 1 0.5
3 1 0.5
3 1 0.5
2 1 0.5
2 1 0.5
2 1 0
2 1 1
2 1 0.5
2 1 0.5
3 1 0
3 1 0.5
3 1 1
3 1 0
3 1 0.5
2 1 0.5
2 1 0.5


THIS IS FOR MOVES COMPLETED = 9

0 200 86.5
1 22 12
1 24 14.5
1 26 16.5
1 22 12.5
1 24 14.5
1 21 11.5
1 16 6
1 24 14.5
1 21 11.5
2 1 0.5
2 1 0.5
2 1 0
2 2 1.5
2 1 0
2 1 0.5
2 1 1
2 1 0.5
2 1 0.5
2 2 1
2 1 0
2 1 0.5
2 1 0
2 1 0
2 1 0.5
2 1 0.5
2 1 0
2 1 0.5
2 1 1
2 1 0.5
2 2 1
2 1 0.5
2 1 0.5
2 1 0
2 1 0.5
2 1 0
2 1 0.5
2 1 0
2 2 0.5
2 1 0
2 1 0.5
2 1 1
2 1 0.5
2 1 0
2 1 0.5
2 2 1.5
2 1 0.5
2 2 1
2 1 0
2 1 0.5
2 1 0.5
2 1 0.5
2 1 0.5
2 2 1
2 1 0.5
2 1 0.5
2 1 0.5
2 2 1
2 2 0.5
2 1 0
2 1 0.5
2 1 0.5
2 1 0
2 1 0.5
2 2 1
2 1 0.5
2 2 1
2 1 1
2 2 1
2 1 0.5
2 1 0.5
2 1 0.5
2 1 0
2 1 0.5
2 1 0
2 1 0.5
2 1 0
2 1 0
2 1 0.5
2 1 0.5
2 1 0.5
2 2 1
2 1 0.5
2 1 0.5
2 1 0.5
2 1 0.5
2 1 0
2 1 0
2 1 1
2 1 1
2 2 1.5
2 1 0.5
2 1 0
2 1 0.5
2 1 0.5
2 1 0.5
2 1 0
2 1 1
2 1 0
2 1 0
2 1 0.5
2 1 0.5
2 1 0
2 1 0.5
2 1 1
2 1 0.5
2 1 0.5
2 1 0.5
2 1 0.5
2 1 0
2 2 1.5
2 1 0
2 1 0.5
2 1 0
2 1 0
2 1 1
2 1 0.5
2 1 0
2 1 0
2 1 0.5
2 1 0.5
2 1 1
2 1 0
2 1 0.5
2 1 0.5
2 1 0.5
2 1 0.5
2 1 0.5
2 1 0.5
2 1 0.5
2 1 0
2 1 0.5
2 1 0.5
2 1 0.5
2 1 0.5
2 1 0
2 1 0.5
2 1 0.5
2 1 0.5
2 1 0.5
2 1 1
3 1 0.5
2 1 1
2 1 0.5
2 1 0
2 1 0.5
2 1 0.5
2 1 1
2 1 0.5
2 1 0
2 1 1
2 1 0.5
3 1 0.5
2 1 0
2 1 0.5
2 1 0
2 1 0.5
2 1 0.5
2 1 0.5
2 1 0
3 1 0.5
3 1 0.5
2 1 0.5
2 1 0.5
2 1 0.5
2 1 0
2 1 0
2 1 0.5
2 1 0.5
2 1 0.5
2 1 0.5
3 1 0
3 1 1
3 1 0.5
2 1 0.5
2 2 1.5
2 1 0.5
2 1 0.5
2 1 0.5
2 1 0.5
2 1 0
2 1 0.5
3 1 1
2 1 0.5
3 1 0.5
3 1 0.5
2 1 0.5
2 1 0.5
2 1 0
2 1 0.5
2 1 0.5
2 1 0.5
3 1 1
3 1 1
3 1 0.5
3 1 0.5
3 1 0.5
3 1 0.5
2 1 0.5
2 1 0
2 1 0.5


THIS IS FOR MOVES COMPLETED = 10

0 200 95
1 17 8.5
1 17 8.5
1 16 7
1 18 9.5
1 17 8.5
1 22 13.5
1 16 7
1 17 8
1 17 8.5
1 20 11.5
1 23 14.5
2 1 0.5
2 2 0.5
2 1 0.5
2 2 1
2 1 0
2 1 1
2 1 0
2 1 0.5
2 1 0
2 1 0.5
2 2 1
2 1 0
2 2 0.5
2 1 0.5
2 2 1
2 1 0.5
2 1 0.5
2 2 0.5
2 1 0.5
2 1 1
2 1 0.5
2 1 0.5
2 2 1
2 2 1
2 1 1
2 1 0
2 1 0.5
2 1 0.5
2 2 1
2 1 1
2 1 1
2 1 0.5
2 1 0
2 1 0
2 1 0.5
2 1 0.5
2 2 1
2 1 0
2 2 1
2 1 0
2 1 1
2 2 1
2 1 0.5
2 1 0.5
2 1 0
2 1 0.5
2 1 0.5
2 1 0.5
2 1 1
2 2 1
2 1 0
2 1 0
2 1 0.5
2 2 0.5
2 1 0.5
2 1 0.5
2 1 0.5
2 1 0.5
2 2 1.5
2 1 0.5
2 1 0
2 1 0.5
2 2 1.5
2 1 0.5
2 2 1.5
2 1 0.5
2 1 0.5
2 1 1
2 1 0.5
2 1 0.5
2 1 0.5
2 1 0.5
2 1 0.5
2 1 0.5
2 2 1
2 1 0
2 1 0.5
2 1 0.5
2 1 0.5
2 1 0.5
2 1 0.5
2 1 0.5
2 1 0.5
2 2 2
2 1 0.5
2 1 0.5
2 1 0.5
2 1 1
2 1 0.5
2 1 0.5
2 1 0.5
2 1 0.5
2 1 0.5
2 1 0.5
2 1 0.5
2 1 0.5
2 1 0
2 1 0.5
2 1 1
2 1 1
2 1 0.5
2 2 1
2 1 0.5
2 1 0.5
2 1 1
2 1 0
2 1 0.5
2 1 0
2 1 0.5
2 1 0.5
2 1 0
2 1 0.5
2 1 0.5
2 1 0.5
2 1 0
2 1 0.5
2 1 0
2 1 0.5
2 1 0
2 1 0.5
2 1 0
2 1 0
3 1 0.5
2 1 0.5
2 1 0.5
2 1 0.5
2 1 0.5
2 1 0.5
2 1 0
2 1 0.5
2 1 1
2 1 0.5
2 1 0.5
2 1 0.5
3 1 0
2 1 0.5
2 1 0.5
2 1 0.5
2 1 0.5
2 1 0.5
2 1 0.5
2 1 0
2 1 0.5
2 1 0.5
2 1 0
2 1 1
2 1 0.5
2 1 0.5
2 1 0.5
3 1 1
2 1 0.5
2 1 0
2 1 0.5
3 1 1
2 1 0
3 1 0.5
2 2 1.5
2 1 0
2 1 0
3 1 1
3 1 0.5
3 1 1
3 1 0.5
3 1 1
2 1 1
2 1 0.5
2 1 0.5
2 1 0.5
3 1 0.5
2 1 0.5
3 1 1
3 1 0
3 1 0.5
3 1 0.5
2 1 0.5
2 1 0.5
2 1 0.5
2 1 0.5
3 1 0.5
2 1 0.5
3 1 0.5
3 1 0.5
3 1 1
3 1 0.5
2 1 0.5
2 1 0.5
2 1 0.5
2 1 0
3 1 0.5


THIS IS FOR MOVES COMPLETED = 11

0 200 83.5
1 15 7
1 23 15.5
1 23 16
1 18 10
1 17 9.5
1 14 6
1 15 7
1 18 10.5
1 19 11.5
1 17 9.5
1 21 14
2 2 1
2 1 0
2 2 1.5
2 2 1
2 2 0.5
2 2 1
2 1 0.5
2 1 0
2 2 0.5
2 2 1
2 2 0.5
2 1 0
2 2 1.5
2 2 1
2 2 0.5
2 2 1
2 2 1
2 2 1
2 1 0.5
2 1 0
2 1 0
2 2 1
2 1 0.5
2 2 1
2 2 0.5
2 2 1
2 2 1
2 2 1
2 1 0
2 2 1
2 1 1
2 1 0.5
2 1 0.5
2 1 1
2 1 0
2 1 0.5
2 1 0
2 2 1
2 2 1
2 2 0.5
2 1 0.5
2 1 0.5
2 2 1
2 2 1
2 2 1.5
2 2 1.5
2 2 1
2 2 1
2 1 0
2 2 1
2 1 0.5
2 2 1
2 1 0.5
2 1 1
2 1 0.5
2 1 0
2 2 1.5
2 1 0.5
2 1 0
2 1 0.5
2 2 0.5
2 1 0.5
2 1 0.5
2 2 0.5
2 1 0.5
2 1 0.5
2 1 0.5
2 1 0
2 1 0
2 1 0
2 1 0.5
2 2 0.5
2 2 1
2 1 0.5
2 1 0.5
2 2 0.5
2 1 0.5
2 1 0
2 1 0.5
2 1 0.5
2 1 0.5
2 2 1.5
2 1 0.5
2 2 1
2 1 0
2 2 1.5
2 1 0
2 1 0
2 1 1
2 1 0.5
2 1 0.5
2 1 0.5
2 1 0
2 1 0.5
2 1 0
2 2 0.5
2 1 0
2 1 0
2 1 0.5
2 1 0
2 1 0.5
2 1 0.5
2 1 0.5
2 1 1
2 1 0
2 1 0.5
2 2 1
2 1 0
2 2 0.5
2 1 0
2 1 0.5
2 2 0.5
2 1 0
2 1 0.5
2 2 1
2 1 1
2 1 0
2 1 0.5
2 1 1
3 1 0.5
2 1 0
2 1 0
3 1 0.5
3 1 1
2 1 0.5
2 1 0
2 1 0
2 1 0.5
2 1 0.5
3 1 0.5
3 1 0.5
2 1 0.5
2 1 1
3 1 1
2 1 0.5
2 1 0.5
3 1 0.5
3 1 0.5
3 1 0.5
2 1 0.5
2 1 0.5
2 1 0.5
3 1 0.5
2 1 0.5
3 1 0.5
3 1 1
3 1 0.5
3 1 1
3 1 0.5
3 1 1
3 1 0.5
2 1 0.5
2 1 1
2 1 0.5
2 1 0.5
3 1 0.5
3 1 0.5
2 1 0
3 1 1
3 1 0.5
3 1 0.5
3 1 1
3 1 0.5
3 1 1
3 1 1
3 1 0.5
2 1 0.5
2 1 0.5
2 1 0
3 1 0
3 1 0.5
3 1 0.5
3 1 1
3 1 1
3 1 1
3 1 0.5
3 1 0.5
3 1 0.5
3 1 1
3 1 0.5
2 1 0.5
3 1 0.5
3 1 1
3 1 1
3 1 0.5
3 1 0.5
3 1 0
3 1 0.5
3 1 0.5


THIS IS FOR MOVES COMPLETED = 12

0 200 88.5
1 20 14
1 11 4
1 16 9
1 14 7
1 17 10.5
1 15 8
1 16 9.5
1 19 12.5
1 16 9.5
1 12 5
1 16 9.5
1 13 5.5
1 15 7.5
2 2 1
2 2 1
2 4 3.5
2 1 0
2 1 0
2 2 1
2 1 0.5
2 1 0.5
2 1 0.5
2 1 0.5
2 4 1.5
2 2 1
2 2 0.5
2 2 1
2 1 0.5
2 1 1
2 1 0
2 2 1
2 1 0.5
2 1 0.5
2 1 0.5
2 1 0.5
2 4 1.5
2 2 1
2 3 1.5
2 1 0.5
2 1 0
2 1 0.5
2 6 4
2 1 1
2 1 0.5
2 1 0.5
2 1 0
2 1 0
2 1 0.5
2 1 0.5
2 2 0.5
2 2 1
2 3 1.5
2 1 0.5
2 2 1.5
2 1 1
2 1 0
2 1 0.5
2 1 0.5
2 1 1
2 1 0.5
3 1 0.5
2 2 0.5
2 1 0.5
2 1 0
2 1 0.5
3 1 0
2 1 0.5
2 1 0.5
2 2 1
2 1 0
2 1 0.5
2 1 0.5
2 1 0.5
2 1 0
2 1 0.5
3 1 0.5
2 1 0.5
2 2 1.5
2 1 1
2 1 0.5
2 1 0
2 1 0.5
2 1 0
2 1 0.5
2 1 0.5
2 1 0.5
2 1 0.5
2 1 0.5
3 1 0.5
3 1 0.5
2 1 0
2 2 1.5
2 1 0
2 1 0.5
2 1 0.5
2 1 0
2 1 0.5
2 1 0.5
2 1 0
2 1 0.5
2 1 1
2 1 0.5
2 1 0.5
3 1 0.5
2 1 0
3 1 0.5
2 1 0.5
2 1 0.5
2 1 0.5
2 1 0.5
2 1 0
2 1 0
2 1 0.5
2 1 0.5
2 1 0.5
2 1 1
3 1 1
2 1 0.5
2 1 0.5
2 1 0.5
3 1 0.5
3 1 0.5
2 1 0.5
2 1 0.5
2 1 0.5
2 1 0
2 1 0.5
2 1 0.5
2 1 0.5
2 1 0
2 1 0.5
2 1 0.5
2 1 0
3 1 0.5
2 1 0.5
2 1 0.5
3 1 0.5
2 1 0.5
2 1 0.5
2 1 0.5
2 1 1
2 1 0.5
2 1 0
2 1 0.5
2 1 0
2 1 0
2 1 0
2 1 0.5
2 1 1
2 1 0.5
3 1 0.5
3 1 0.5
2 1 0
2 1 0
2 1 0
2 1 0.5
2 1 1
2 1 0
2 1 0.5
3 1 0.5
3 1 0.5
2 1 0.5
2 1 0.5
2 1 0.5
2 1 0.5
3 1 0.5
3 1 0
2 1 0
2 1 0
2 1 0.5
3 1 0.5
3 1 0.5
2 1 0.5
2 1 0.5
2 1 0
2 1 0
3 1 0.5
2 1 0
2 1 0
2 1 0.5
2 1 0
3 1 0.5
2 1 0.5
2 1 1
2 1 0.5
2 1 0.5
3 1 1
3 1 0.5
3 1 0.5
2 1 1
3 1 1
2 1 0.5
3 1 0.5
3 1 0.5
2 1 0
3 1 0
3 1 0.5
3 1 1
3 1 1
3 1 0.5


THIS IS FOR MOVES COMPLETED = 13

0 200 88
1 13 7.5
1 13 7
1 12 6
1 13 7.5
1 16 10
1 13 7
1 13 7.5
1 16 11
1 12 5.5
1 16 10.5
1 16 11
1 11 4.5
1 11 4.5
1 12 6
1 13 6.5
2 1 0
2 4 2
2 1 0
2 2 1
2 2 0.5
2 1 0
2 1 0
2 1 0.5
2 1 0.5
2 1 0.5
2 2 1
2 1 0
2 1 1
2 1 0.5
2 1 0.5
2 2 1
2 2 1.5
2 1 0.5
2 1 0
2 2 1
2 2 1
2 1 0.5
2 2 1
2 1 0.5
2 4 2
2 1 0.5
2 2 0
2 1 0.5
2 2 1.5
2 1 0.5
2 1 0.5
2 2 1
2 1 1
2 1 0.5
2 2 0.5
2 2 0.5
2 2 1
2 1 0.5
2 1 0.5
2 4 2
2 1 0.5
2 1 0.5
2 1 0.5
2 2 1.5
2 1 0.5
2 1 0
2 2 2
2 1 0.5
2 1 0
2 1 0
2 1 0
2 1 1
2 1 0
2 1 0.5
3 1 0.5
2 1 0.5
2 1 0.5
2 1 0.5
2 1 0.5
2 1 0.5
2 2 1
2 2 1.5
2 2 1.5
2 1 0.5
2 1 0.5
2 1 0.5
2 1 0.5
2 1 0.5
2 1 0
2 1 0
3 1 0.5
2 1 0.5
2 1 0.5
2 1 0.5
2 1 0.5
2 1 0
2 2 0.5
2 1 0.5
2 1 0.5
2 1 0.5
2 1 0.5
2 1 0
2 1 0
2 1 1
2 1 0.5
2 1 0.5
2 2 1
2 2 1
3 1 0.5
2 1 0.5
2 1 0.5
2 2 1.5
2 1 1
2 1 0
2 1 0
2 1 0.5
2 1 0.5
2 1 0
2 1 0.5
2 1 0.5
2 1 0.5
2 1 0.5
2 1 0.5
2 1 0.5
3 1 1
2 1 0
2 1 0.5
2 1 1
2 1 0.5
2 1 0.5
3 1 0.5
2 1 1
2 1 0
2 1 0
2 1 0.5
2 1 0.5
2 1 0
2 1 0.5
2 1 0
2 1 0
2 1 0
2 1 0.5
2 1 0.5
2 1 0.5
2 2 2
2 1 0.5
2 1 0.5
2 1 0
2 1 0.5
2 1 0
3 1 0.5
3 1 0.5
3 1 0.5
2 1 0.5
2 2 1.5
2 1 0.5
2 1 0.5
2 1 1
2 1 0.5
3 1 0
3 1 0.5
2 1 0.5
2 1 0
2 1 1
3 1 0.5
2 1 0
3 1 0.5
3 1 1
2 1 0.5
3 1 0
2 1 0
2 1 0
3 1 0.5
2 1 0.5
3 1 1
2 1 0.5
2 1 0.5
2 1 0
2 1 0
3 1 1
3 1 0.5
3 1 0.5
3 1 1
3 1 0.5
2 1 0.5
2 1 0.5
3 1 0.5
3 1 0.5
3 1 0.5
3 1 0.5
2 1 1
2 1 0
3 1 0.5
2 1 1
3 1 0.5
2 1 0
3 1 1
3 1 0.5
3 1 0.5
3 1 0
2 1 1
3 1 1
2 1 0.5
3 1 0.5
3 1 1


THIS IS FOR MOVES COMPLETED = 14

0 200 93
1 34 18.5
1 34 18.5
1 39 23
1 32 16.5
1 29 14
1 32 16.5
2 2 1
2 2 1
2 2 0.5
2 1 0
2 2 0.5
2 2 1
2 2 1.5
2 2 1
2 2 1
2 2 1
2 2 1
2 2 1
2 1 0
2 2 0
2 2 1
2 2 1
2 1 0
2 2 1
2 2 0.5
2 1 0
2 1 0
2 2 1
2 2 1
2 2 1.5
2 1 0
2 2 1
2 1 0
2 2 1
2 2 1
2 2 1
2 2 1
2 2 0.5
2 2 1
2 2 1.5
2 2 0.5
2 2 0.5
2 2 0.5
2 2 0.5
2 1 0
2 2 1
2 2 0.5
2 2 2
2 2 0.5
2 2 0.5
2 2 1.5
2 1 0.5
2 1 0
2 2 1
2 2 0.5
2 2 1
2 2 1
2 2 1
2 2 0.5
2 2 1.5
2 2 1
2 2 1
2 2 1
2 2 1
2 1 0
2 2 1
2 1 0
2 2 1
2 1 0.5
2 2 1.5
2 2 1.5
2 1 0.5
2 2 1.5
2 2 1
2 2 1
2 1 0.5
2 2 1
2 1 0.5
2 2 1
2 2 1
2 2 1
2 1 0.5
2 2 1
2 2 1.5
2 1 0
2 2 1
2 2 1
2 2 1.5
2 2 1.5
2 2 1
2 2 1
2 2 1
2 2 1.5
2 1 0
2 2 1
2 1 0.5
2 2 1.5
2 1 0.5
2 1 0
2 2 1
3 1 0.5
2 1 0.5
3 1 0.5
2 1 0
2 1 0.5
2 1 0.5
2 2 1
3 1 0.5
2 2 1.5
3 1 0.5
2 1 0.5
2 2 2
2 2 1.5
3 1 0.5
3 1 0.5
2 1 0.5
3 1 1
2 1 0
3 1 0.5
2 1 0.5
3 1 0.5
2 1 0.5
2 1 0.5
3 1 0.5
3 1 0.5
2 1 0.5
3 1 1
3 1 0
2 1 0
2 2 2
2 1 0.5
3 1 0.5
3 1 0.5
3 1 0
3 1 0.5
2 1 0.5
3 1 1
3 1 0.5
3 1 0.5
3 1 0.5
2 1 0
2 2 1.5
2 1 0.5
3 1 0
3 1 1
3 1 0.5
3 1 0.5
3 1 0.5
3 1 0.5
3 1 0.5
3 1 0.5
3 1 0.5
3 1 0.5
3 1 0.5
3 1 0.5
3 1 0.5
3 1 0.5
3 1 0.5
3 1 0.5
3 1 0.5
3 1 0.5
3 1 0.5
3 1 0
3 1 0
3 1 0.5
3 1 0.5
3 1 0
3 1 1
3 1 0.5
3 1 0
3 1 1
3 1 0
3 1 0
3 1 0
3 1 0.5
3 1 0
3 1 0.5
3 1 1
3 1 0.5
3 1 0.5
3 1 0.5
3 1 0.5
3 1 0.5
3 1 0.5
3 1 0.5
3 1 0.5
3 1 0.5
3 1 0.5
3 1 0.5
3 1 0.5
3 1 0
3 1 0
3 1 0.5
3 1 0
3 1 1
3 1 1
3 1 0.5
3 1 0.5
3 1 0.5
3 1 0.5


THIS IS FOR MOVES COMPLETED = 15

0 200 109.5
1 27 13
1 27 13
1 20 7
1 27 13
1 27 13
1 25 11.5
1 23 9.5
1 24 10.5
2 2 1.5
2 2 1
2 1 0.5
2 2 1
2 2 1
2 2 1
2 2 1
2 6 2.5
2 2 1.5
2 2 1
2 1 0.5
2 2 1
2 2 1
2 2 1
2 2 1
2 9 6
2 2 1
2 2 1
2 1 0.5
2 2 1
2 2 2
2 2 2
2 2 1
2 2 1.5
2 2 1.5
2 2 1.5
2 2 1
2 7 4
2 1 0
2 2 1
2 2 1.5
2 2 1
2 2 1.5
2 2 0.5
2 2 1
3 1 0
2 2 1
2 1 0.5
2 1 0
2 2 1
2 2 1
2 1 0
2 1 0.5
2 2 1
2 2 1
2 2 0.5
2 1 0.5
2 1 0.5
2 2 1.5
2 2 1.5
2 1 0
3 1 0.5
2 2 1.5
2 1 0.5
2 2 1.5
2 1 0.5
2 1 0.5
2 2 1
3 1 0
2 2 0
2 1 0
2 1 0.5
2 2 1
2 2 1.5
2 2 1.5
2 1 0.5
2 1 0.5
2 2 1
2 1 0.5
2 2 1
2 2 1.5
2 1 0.5
2 2 1
2 2 1.5
2 1 0.5
3 2 1
2 1 0.5
2 1 0.5
2 1 0.5
2 2 1.5
2 1 0.5
2 1 0.5
3 1 0
2 1 0.5
2 2 2
2 2 1.5
2 1 0.5
2 2 0.5
2 2 1.5
2 1 0.5
3 1 0
2 1 0
2 1 0.5
2 1 0.5
2 1 0.5
2 1 1
2 1 0
3 1 1
3 2 1
2 1 0.5
2 1 0.5
2 1 0.5
2 1 0
3 1 0.5
2 1 0.5
2 2 1.5
3 1 0.5
2 1 0
2 1 0.5
2 1 0.5
2 2 1.5
3 1 1
2 1 0.5
3 1 0
2 1 0.5
3 2 1
2 1 0.5
2 1 0.5
2 1 0.5
2 1 0
3 1 0.5
2 1 0
2 1 0.5
2 1 0.5
2 1 0.5
3 1 0.5
2 1 0.5
2 2 2
3 1 0.5
3 1 0.5
2 1 0.5
3 1 0.5
3 1 0.5
3 1 0.5
2 1 0.5
3 1 0.5
3 1 0.5
3 1 0.5
3 1 0
3 1 0.5
3 1 0.5
3 1 0.5
3 1 0.5
2 1 1
3 1 0
3 1 0.5
3 1 0.5
3 1 0
3 1 0
3 1 0
3 1 0.5
3 1 0.5
3 1 0.5
2 1 0.5
3 1 1
4 1 0.5
3 1 0.5
3 1 0.5
3 1 0.5
3 1 0
3 1 0.5
3 1 0.5
3 1 0.5
3 1 0.5
3 1 0.5
3 1 0
3 1 0.5
3 1 0.5
3 1 0.5
4 1 0.5
3 1 0.5
3 1 0
3 1 0
3 1 0.5
3 1 0.5
3 1 0
3 1 0.5
3 1 0
3 1 0.5
3 1 0
3 1 0.5
3 1 0.5
3 1 0
3 1 0.5
3 1 1
3 1 0
3 1 0.5
3 1 0.5
4 1 0.5
3 1 0.5
3 1 1
3 1 0.5


THIS IS FOR MOVES COMPLETED = 16

0 200 104
1 22 10
1 20 8.5
1 21 9.5
1 23 11.5
1 24 12.5
1 24 12.5
1 19 8
1 24 12
1 23 11.5
2 2 1
2 2 1
2 3 2
2 8 4.5
2 3 1.5
2 2 1.5
2 2 1.5
2 2 1.5
2 2 1
2 2 1.5
2 3 1.5
2 7 3.5
2 3 0.5
2 2 1.5
2 2 1.5
2 3 2
2 2 1
2 7 3
2 3 2
2 1 0
2 2 1
2 2 1.5
3 1 0.5
2 2 1
2 2 0.5
2 2 0.5
2 2 0.5
2 2 0.5
2 2 1
2 3 1.5
2 2 1
2 2 1
3 1 0.5
2 2 1
2 2 1
2 2 1
2 2 1
2 2 1
2 3 2
2 1 0
2 2 1
2 2 1
3 1 0.5
2 2 1.5
2 3 2
2 2 1
2 2 1
2 3 2
2 2 0.5
2 2 1
3 2 1.5
2 2 0.5
2 3 1.5
2 2 1.5
3 1 1
2 2 1
2 2 0.5
2 2 1
3 1 0.5
2 3 1.5
2 2 0.5
2 3 2
2 2 1.5
2 2 1
2 2 1
2 2 0.5
2 2 1
3 1 0
3 1 0.5
2 2 1
2 3 1.5
2 1 0
2 2 1.5
2 2 1
2 2 1
3 1 0.5
2 2 1.5
2 2 1.5
2 2 1
3 1 0.5
2 2 1.5
2 2 1.5
2 2 1
3 1 0.5
2 2 1
2 1 0
3 1 0.5
3 1 0.5
2 3 2.5
2 2 0.5
2 2 1
2 2 1
3 1 0.5
3 1 0.5
3 1 0.5
3 1 0
2 1 0.5
2 2 1
2 1 0
2 1 0.5
3 1 0.5
3 1 0.5
3 1 0
3 1 0.5
3 1 1
3 1 0.5
2 1 0.5
3 1 0.5
3 1 0.5
3 1 0.5
3 1 0
3 1 0.5
3 1 0.5
3 1 0
3 1 0.5
3 1 0.5
3 1 0.5
3 1 0
3 1 0.5
3 1 0.5
3 1 0.5
3 1 0.5
3 1 0
3 1 1
3 1 1
3 1 0.5
3 1 0.5
3 1 0.5
3 1 0.5
3 1 0.5
3 1 0.5
3 1 0.5
3 1 0
3 1 0.5
3 1 1
3 1 0.5
3 1 0.5
3 1 0.5
3 1 0.5
3 1 0.5
3 1 0
3 1 0.5
3 1 0.5
3 1 0
3 1 0.5
3 1 0.5
3 1 0
3 1 0
3 1 0.5
3 1 0.5
3 1 0.5
3 1 0.5
3 1 1
3 1 0.5
3 1 0.5
3 1 0.5
3 1 1
3 1 0.5
3 1 0.5
3 1 0.5
3 1 0
3 1 0.5
3 1 0.5
3 1 0.5
3 1 0.5
3 1 0.5
3 1 1
3 1 1
3 1 0.5
3 1 0.5
3 1 0.5
4 1 0.5
3 1 1
3 1 0.5
3 1 1
3 1 0.5
3 1 0.5
3 1 0
3 1 0.5
3 1 1
3 1 0
3 1 0.5
3 1 1
3 1 0.5
3 1 0.5
3 1 0
3 1 0.5
3 1 0.5
3 1 1
3 1 0
3 1 0.5


THIS IS FOR MOVES COMPLETED = 17

0 200 112.5
1 21 7.5
1 22 8
1 23 9
1 26 12
1 28 13.5
1 25 11
1 25 11
1 30 15.5
2 2 1
2 2 1
2 3 2
2 3 1.5
2 2 0
2 3 2.5
2 5 3
2 3 2
2 3 1.5
2 2 1.5
2 3 3
2 3 1.5
2 3 1
2 6 3.5
2 3 1.5
2 2 0
2 2 1.5
2 3 2
2 3 2.5
2 3 1.5
2 2 0.5
2 2 1
2 2 1
2 2 1
2 2 1
2 3 1
2 6 4
2 3 1.5
2 3 1.5
2 2 1
2 2 1
2 2 0.5
2 3 2
2 2 1
2 2 1
2 5 2.5
2 3 2
2 2 1
2 2 0.5
2 2 1
2 2 1.5
2 2 0.5
2 2 1
2 3 1.5
3 1 0
2 3 2
2 2 0.5
2 2 1
2 3 2
2 4 3
2 3 2
2 2 0.5
2 2 1
2 2 1
2 2 1
2 2 1
2 2 1
3 1 1
2 3 1.5
2 3 1.5
3 1 0.5
2 3 2
2 2 1.5
2 3 3
2 2 0.5
2 2 1
2 3 2.5
2 2 0.5
2 2 0.5
3 1 0.5
3 1 0
2 3 3
2 3 2.5
3 1 0.5
2 3 2
2 2 0.5
3 1 0.5
2 2 2
3 1 0.5
3 1 0.5
3 1 0.5
3 1 0
3 1 0.5
3 1 0.5
3 1 0.5
3 1 0.5
3 1 0.5
2 3 1.5
2 2 1
3 1 0.5
3 1 0.5
3 1 0
3 1 0
3 1 0
3 1 0.5
3 1 0
3 1 1
3 1 0.5
3 1 0.5
3 1 0.5
3 1 0.5
3 1 0
3 1 0
3 1 0.5
3 1 0.5
3 1 0.5
3 1 0.5
3 1 0.5
3 1 0
3 1 0.5
3 1 0.5
3 1 0.5
3 1 0
3 1 0.5
3 1 0.5
3 1 0.5
3 1 0
3 1 0
3 1 0.5
3 1 1
3 1 0.5
3 1 0.5
3 1 0.5
3 1 0
3 1 0.5
3 1 0.5
3 1 0.5
3 1 0.5
3 1 0
3 1 0
3 1 1
3 1 0.5
3 1 0.5
3 1 0.5
3 1 0
3 1 0.5
3 1 1
3 1 0.5
3 1 0.5
3 1 0.5
3 1 0
3 1 0.5
3 1 0.5
3 1 0
3 1 0
3 1 0.5
3 1 0
3 1 0.5
3 1 1
3 1 0.5
3 1 0.5
3 1 1
3 1 0.5
3 1 0.5
3 1 0.5
3 1 0.5
3 1 0.5
3 1 0.5
3 1 0.5
3 1 1
3 1 0
3 1 0.5
3 1 0.5
3 1 0.5
3 1 0
3 1 0.5
3 1 1
3 1 0.5
3 1 0
3 1 0.5
3 1 0.5
3 1 0
3 1 0
3 1 0.5
3 1 0.5
3 1 0.5
3 1 0
3 1 0.5
3 1 0.5
3 1 0.5
3 1 0.5
3 1 0.5
3 1 0
3 1 0.5
3 1 0.5
3 1 1
3 1 0.5
3 1 0.5
3 1 0.5
3 1 0.5
3 1 0.5
3 1 0.5


THIS IS FOR MOVES COMPLETED = 18

0 200 98
1 28 15.5
1 24 11.5
1 24 12
1 26 14
1 29 16
1 21 9
1 26 14
1 22 10
2 3 1
2 2 1
2 3 1.5
2 3 2
2 3 1.5
2 8 4.5
2 3 1.5
2 2 1
2 3 1.5
2 2 1
2 4 2.5
2 2 1
2 3 2
2 8 4.5
2 3 2
2 2 1
2 3 1
2 3 2.5
2 3 2
2 7 2.5
2 2 0.5
2 2 0.5
2 5 1
2 3 1.5
2 2 0.5
2 2 1
2 2 1
2 3 1.5
2 2 1.5
2 2 0.5
3 1 1
2 3 1
2 2 1
2 2 1
3 1 0.5
2 2 0.5
2 2 1
2 3 1.5
2 2 1
2 2 1
2 3 2
2 3 1
2 2 1
3 1 1
2 2 1
2 2 1
2 3 1.5
2 2 1
3 1 0.5
2 3 2
2 3 2
2 3 1
2 2 0.5
2 2 2
2 2 1
2 2 0.5
3 1 0.5
2 2 1
2 2 0.5
2 3 1.5
2 4 3
2 2 1
2 2 0.5
2 2 1
3 1 0.5
2 2 1
3 1 0.5
2 2 0.5
2 2 0.5
3 1 0.5
2 2 0.5
2 2 1
2 2 1
2 2 1
2 2 1
2 2 0.5
3 1 0.5
2 3 1.5
3 1 0.5
2 3 2
2 2 1.5
2 2 1.5
3 1 0.5
3 1 0.5
3 1 0.5
3 1 0.5
3 1 0.5
3 1 0
3 1 0.5
3 1 0.5
3 1 0
3 1 1
3 1 1
3 1 0.5
3 1 0.5
3 1 0.5
3 1 0
3 1 0.5
3 1 0.5
3 1 0.5
3 1 1
3 1 1
3 1 0.5
3 1 1
3 1 0.5
3 1 1
3 1 0.5
3 1 1
3 1 0.5
3 1 0.5
3 1 1
3 1 0.5
3 1 0
3 1 1
3 1 1
3 1 0.5
3 1 0.5
3 1 0.5
3 1 0
3 1 0.5
3 1 0.5
3 1 1
3 1 0.5
3 1 0.5
3 1 0.5
3 1 0.5
3 1 0.5
3 1 0.5
3 1 0
3 1 0
3 1 1
3 1 0.5
3 1 0.5
3 1 0.5
3 1 0.5
3 1 0.5
3 1 0.5
3 1 0.5
3 1 0.5
3 1 0.5
3 1 0.5
3 1 0
3 1 0.5
3 1 0.5
3 1 0.5
3 1 0.5
3 1 0.5
3 1 1
3 1 0.5
3 1 0.5
3 1 0.5
3 1 1
3 1 0.5
3 1 0.5
3 1 0
3 1 0
3 1 0.5
3 1 0.5
3 1 0.5
3 1 0.5
3 1 0.5
3 1 0.5
3 1 0.5
3 1 0.5
3 1 0
3 1 0
3 1 0.5
3 1 1
3 1 0
3 1 0
3 1 0.5
3 1 0.5
3 1 0.5
3 1 0
3 1 0.5
3 1 0.5
3 1 0.5
3 1 1
3 1 0.5
3 1 0.5
3 1 0
3 1 1
3 1 0
3 1 0.5
3 1 0.5
3 1 1
3 1 0.5
3 1 0
3 1 0.5
3 1 0.5
3 1 0.5
3 1 0


THIS IS FOR MOVES COMPLETED = 19

0 200 108.5
1 24 10.5
1 24 10.5
1 23 9.5
1 21 8
1 26 12.5
1 28 14
1 27 13
1 27 13.5
2 5 3
2 5 2.5
2 3 1.5
2 2 0.5
2 3 1.5
2 3 1.5
2 6 4
2 3 1.5
2 5 2.5
2 4 2
2 3 1.5
2 3 1.5
2 3 1.5
2 6 5
2 2 0.5
2 3 1.5
2 6 3.5
2 3 1.5
2 3 2
2 5 2.5
2 7 4.5
2 5 3
2 3 1.5
2 3 1.5
2 2 0.5
2 3 1.5
2 3 1.5
2 5 2
3 1 1
2 3 1.5
2 3 2.5
2 6 4
2 3 1.5
2 3 1.5
3 1 0.5
3 1 0.5
2 3 1.5
2 3 2
2 3 2.5
3 1 0.5
2 3 1.5
2 3 1
3 1 0.5
3 1 0
2 3 1.5
2 3 1.5
2 3 1.5
2 3 2
3 1 0.5
2 3 2
3 1 0.5
2 3 1.5
2 3 1.5
2 2 0.5
2 3 1
3 1 0.5
2 3 2
2 2 0.5
3 1 0.5
3 1 0
2 3 1.5
2 2 0.5
2 3 2
2 2 1
3 1 0
3 1 0.5
3 1 0.5
2 3 1.5
3 1 0.5
3 1 0.5
2 3 1.5
3 1 0.5
3 1 0.5
2 3 2
3 1 1
3 1 0
3 1 1
3 1 0.5
3 1 0.5
3 1 0.5
3 1 0.5
2 2 1
3 1 0.5
3 1 0.5
3 1 1
3 1 0
3 1 0
3 1 0.5
3 1 0.5
3 1 1
3 1 0.5
3 1 0.5
3 1 0
3 1 0.5
3 1 0
3 1 0.5
3 1 0.5
3 1 0.5
3 1 0.5
3 1 0
3 1 0.5
3 1 0.5
3 1 0.5
3 1 0.5
3 1 1
3 1 0.5
3 1 0.5
3 1 0.5
3 1 0.5
3 1 0.5
3 1 0
3 1 0.5
3 1 0
3 1 0.5
3 1 0.5
3 1 0.5
3 1 0.5
3 1 0
3 1 0
3 1 0.5
3 1 0
3 1 0
3 1 0.5
3 1 0.5
3 1 0.5
3 1 0.5
3 1 0
3 1 0
3 1 0.5
3 1 0.5
3 1 0.5
3 1 0.5
3 1 0
3 1 0.5
3 1 0.5
3 1 0
3 1 0.5
3 1 0.5
3 1 0.5
3 1 1
3 1 0
3 1 1
3 1 0.5
3 1 0.5
3 1 0.5
3 1 0
3 1 0.5
3 1 0.5
3 1 0.5
3 1 0.5
3 1 0
3 1 0.5
3 1 0.5
3 1 1
3 1 0.5
3 1 0
3 1 0.5
3 1 0.5
3 1 0.5
3 1 0
3 1 1
3 1 1
3 1 0.5
3 1 0.5
3 1 0.5
3 1 0.5
3 1 0.5
3 1 0.5
3 1 0.5
3 1 0.5
3 1 1
3 1 0.5
3 1 1
3 1 0
3 1 0.5
3 1 0.5
3 1 0.5
3 1 0.5
3 1 0
3 1 0
3 1 0
3 1 0.5
3 1 0.5
3 1 0.5
3 1 0
3 1 0
3 1 0
3 1 0.5
3 1 0.5
3 1 1
3 1 0.5
3 1 0.5


THIS IS FOR MOVES COMPLETED = 20

0 200 101.5
1 16 6.5
1 16 6.5
1 17 7.5
1 18 8.5
1 18 9
1 22 13
1 19 10
1 18 9
1 19 10
1 17 8
1 20 10.5
2 1 0.5
2 2 1.5
2 2 2
2 1 0.5
2 2 1.5
2 3 1.5
2 4 2
2 2 1
2 1 0
2 1 0.5
2 4 2
2 1 1
2 4 2
2 1 0.5
2 2 1
2 1 0.5
2 2 0.5
2 1 0
2 1 0.5
2 2 1.5
2 1 0.5
2 4 2.5
2 1 0
2 1 0.5
2 1 0.5
2 2 1.5
2 1 0.5
2 3 2.5
2 4 1.5
2 2 1.5
2 1 0
2 1 0.5
2 3 1.5
2 1 0.5
2 1 0.5
2 1 0.5
2 2 1.5
2 1 0.5
2 3 2
2 5 3
2 1 0.5
3 1 0.5
2 1 0.5
2 1 0.5
2 1 0
2 1 0.5
2 4 2.5
2 1 0.5
2 2 1.5
2 2 1
2 1 1
2 2 1
2 1 0.5
3 1 0.5
2 1 0.5
2 1 0
2 1 0.5
2 1 0.5
2 2 1
2 1 0.5
2 2 0.5
2 1 0.5
3 1 0.5
2 2 1.5
2 2 1
3 1 0.5
2 1 0.5
2 1 0.5
2 1 0.5
2 1 0.5
2 1 0
2 1 0.5
2 1 0.5
2 2 1.5
3 1 0.5
3 1 0.5
3 1 0
2 1 0.5
2 1 1
2 1 0.5
2 1 0.5
2 1 0.5
2 1 0
2 1 0.5
2 1 0.5
2 1 0.5
3 1 1
2 2 1.5
3 1 0.5
3 1 0
2 1 0.5
2 1 1
2 1 0.5
3 1 0.5
2 1 0.5
2 1 0.5
2 1 0.5
2 1 1
3 1 0.5
2 1 0.5
2 1 0
2 1 0.5
3 1 0.5
2 1 0
2 1 1
2 1 0
3 1 0
2 1 1
2 2 1.5
2 1 0
3 1 0
2 1 0.5
2 1 0.5
2 1 0.5
2 1 0.5
3 1 0.5
2 1 0.5
2 1 0.5
2 1 0.5
2 1 0
2 1 0.5
2 1 0.5
2 1 0.5
3 1 0.5
3 1 1
2 1 0
2 2 2
3 1 0
2 1 0.5
2 1 0.5
2 1 0.5
3 1 0.5
3 1 0.5
2 1 0
2 1 0.5
2 1 0.5
2 1 0.5
3 1 0.5
2 1 0.5
2 1 0.5
3 1 0
2 1 0.5
3 1 0.5
2 1 0.5
2 1 0.5
3 1 0.5
2 1 0.5
3 1 0.5
3 1 0.5
2 1 0
2 1 0.5
2 1 0.5
2 1 0.5
3 1 0.5
2 1 0.5
2 1 0.5
3 1 0.5
2 1 0
3 1 0.5
3 1 0
3 1 1
2 1 0
3 1 0
2 1 0
3 1 0
3 1 0
3 1 0.5
2 1 0.5
3 1 1
3 1 0.5
3 1 0.5
2 1 1
2 1 0.5
3 1 0.5
3 1 0.5
3 1 0
2 1 0.5
3 1 0
3 1 0.5
2 1 0
3 1 0.5
3 1 0.5
3 1 0.5
3 1 0.5
3 1 0.5
3 1 0
2 1 0.5
2 1 0.5
3 1 0.5


THIS IS FOR MOVES COMPLETED = 21

0 200 110
1 18 7
1 21 10
1 21 10
1 21 10
1 18 7
1 20 9
1 23 12
1 17 6
1 22 11
1 19 8
2 5 3
2 3 2
2 7 5
2 2 0
2 2 1.5
2 6 3
2 2 1
2 5 3
2 4 2
2 4 2
2 2 1
2 7 5
2 5 3
2 5 3.5
2 6 3.5
2 3 2
2 5 3.5
2 3 2
2 2 0.5
2 4 3
2 3 2
2 4 1
2 4 2.5
2 2 0
2 5 2.5
2 2 1
2 4 2
2 5 2.5
2 3 2
2 2 1
2 4 1.5
2 4 2
2 5 1.5
2 3 2
2 4 2
2 2 1
2 2 1.5
2 4 2
2 2 1.5
3 1 0.5
2 3 3
3 1 0
3 1 0.5
2 2 1
3 1 0.5
2 2 1
2 4 3
3 1 0.5
3 1 0.5
2 2 1.5
3 1 0.5
3 1 0
2 2 1
2 2 1.5
3 1 0.5
3 1 0.5
3 1 0.5
2 3 2
3 1 0.5
3 1 0.5
2 2 1
2 2 0.5
3 1 0.5
2 2 1
3 1 0
2 2 1
3 1 0.5
3 1 0.5
3 1 0.5
3 1 0.5
2 2 1
2 2 0
3 1 0
2 2 0.5
2 2 1
3 1 0
2 2 1
3 1 0
3 1 0.5
3 1 0.5
3 1 0.5
3 1 0.5
2 2 1
2 2 0.5
2 2 0.5
3 1 0.5
3 1 1
3 1 0
3 1 0.5
3 1 0.5
3 1 0.5
3 1 1
3 1 0.5
3 1 0.5
3 1 0.5
3 1 1
3 1 0.5
3 1 0
3 1 0.5
3 1 0.5
3 1 0.5
3 1 1
3 1 0.5
3 1 1
3 1 0.5
3 1 0.5
3 1 0.5
3 1 0.5
3 1 0.5
3 1 0.5
3 1 0
3 1 0.5
3 1 0
3 1 0.5
3 1 0
3 1 1
3 1 0.5
3 1 0.5
3 1 0
3 1 0
3 1 0.5
3 1 0.5
3 1 0
3 1 0
3 1 0
3 1 0.5
3 1 0.5
3 1 0.5
3 1 0.5
3 1 0.5
3 1 0
3 1 0.5
3 1 0.5
3 1 0
3 1 0
3 1 0
3 1 0
3 1 0.5
3 1 0
3 1 0
3 1 0.5
3 1 1
3 1 0.5
3 1 0.5
3 1 1
3 1 0.5
3 1 0
3 1 0.5
3 1 0
3 1 1
3 1 0.5
3 1 0
3 1 0.5
3 1 0.5
3 1 0.5
3 1 1
3 1 0.5
3 1 0.5
3 1 0
3 1 0.5
3 1 1
3 1 0.5
3 1 0
3 1 0.5
3 1 0.5
3 1 0.5
3 1 0.5
3 1 0.5
3 1 0.5
3 1 0.5
3 1 0.5
3 1 1
3 1 0
3 1 1
3 1 1
3 1 0.5
3 1 0.5
3 1 0.5
3 1 0.5
3 1 0.5
3 1 1
3 1 0.5
3 1 0.5
3 1 0.5
3 1 0.5
3 1 0.5
3 1 0.5
3 1 0.5
3 1 0.5
3 1 0.5


THIS IS FOR MOVES COMPLETED = 22

0 200 113
1 14 4.5
1 16 6.5
1 17 7.5
1 16 6.5
1 16 6.5
1 22 13
1 12 3
1 18 8.5
1 18 8.5
1 17 7.5
1 16 6.5
1 18 8.5
2 2 1
2 7 5
2 3 2.5
2 3 2
2 1 0
2 3 2
2 2 0.5
2 2 1
2 3 2
2 2 1
2 5 2.5
2 4 3
2 3 2.5
2 1 0
2 3 1.5
2 3 2
2 2 1
2 2 1
2 2 1
2 2 1
2 6 4
2 2 1
2 2 0.5
2 4 1.5
2 3 1.5
2 2 0.5
2 3 2
2 2 1
2 2 1
2 3 2
2 2 1
2 1 0
2 2 1
3 1 0
2 2 1
2 6 4.5
2 4 3.5
2 2 1
2 2 0.5
2 2 1
2 2 1
2 2 1
2 2 1
2 2 1
2 2 0.5
2 3 2
2 2 1
2 1 0.5
2 2 1
3 1 0
2 2 1
2 3 2.5
2 2 1
2 3 2
2 2 1
3 1 0
3 1 0.5
2 2 1
2 2 1
2 2 2
2 2 1
2 2 1.5
2 2 1
2 2 1.5
2 2 1
3 1 0.5
3 1 0.5
2 2 1
2 3 2
2 2 1
2 2 1.5
2 2 1.5
2 2 1
2 2 1.5
2 1 0.5
3 1 0
2 2 1.5
3 1 1
3 1 0
3 1 0.5
3 1 0.5
3 1 0
3 1 0.5
3 1 0.5
3 1 0
2 1 0
2 2 1
3 1 1
3 1 0.5
2 2 1.5
2 2 1
3 1 0.5
3 1 0.5
3 1 0.5
3 1 0.5
2 2 1
3 1 0
2 1 0
3 1 1
3 1 0.5
3 1 0.5
2 2 0.5
3 1 0
3 1 0.5
3 1 0.5
3 1 0.5
3 1 0
2 1 0.5
3 1 0.5
3 1 0.5
3 1 0.5
3 1 0.5
2 2 1
3 1 0.5
3 1 0.5
3 1 0.5
2 1 0.5
3 1 0.5
3 1 0.5
3 1 0
3 1 1
3 1 0.5
3 1 0
3 1 0.5
3 1 1
3 1 0.5
3 1 0.5
3 1 0.5
3 1 0.5
3 1 0.5
2 1 0.5
3 1 0.5
3 1 0.5
3 1 0.5
3 1 0.5
3 1 0
3 1 0.5
3 1 0
3 1 0.5
3 1 0
3 1 0
3 1 0
3 1 0.5
3 1 0.5
3 1 0.5
3 1 0.5
3 1 0.5
3 1 0.5
3 1 0
3 1 0.5
3 1 1
3 1 0.5
3 1 0.5
3 1 0.5
3 1 0.5
3 1 0.5
3 1 0.5
3 1 0.5
3 1 0
3 1 0.5
3 1 0.5
3 1 0
3 1 0.5
3 1 0.5
3 1 0.5
3 1 0
3 1 0.5
3 1 0.5
3 1 0
3 1 0.5
3 1 0.5
3 1 0
3 1 0.5
3 1 0.5
3 1 0
3 1 0
3 1 0
3 1 0.5
3 1 0
3 1 0.5
3 1 0
3 1 1
3 1 0.5
3 1 0.5
3 1 0.5
3 1 0.5
3 1 0.5
3 1 0.5


THIS IS FOR MOVES COMPLETED = 23

0 200 108.5
1 19 10
1 16 7
1 16 7
1 15 5.5
1 14 5
1 14 4.5
1 18 9.5
1 18 9
1 17 7.5
1 19 10.5
1 18 9
1 16 7
2 1 0.5
2 5 2.5
2 3 1.5
2 1 0.5
2 1 0.5
2 1 0.5
2 2 1
2 2 1.5
2 3 1
2 2 1
2 2 1
2 2 1
2 2 1.5
2 3 0.5
2 5 3
2 2 1
2 1 0.5
2 1 0.5
2 1 0.5
2 2 1
2 1 0
2 1 0.5
2 5 3.5
2 2 1.5
2 2 1
2 2 1.5
2 4 1.5
2 2 1
2 1 0.5
2 2 2
2 2 1.5
2 2 2
2 2 0.5
2 1 0.5
2 4 2
2 1 0
2 2 1
2 4 1.5
2 2 1
2 1 0.5
2 2 1
2 2 1.5
2 1 0.5
2 3 1
2 2 1
2 2 1
2 1 0.5
2 1 0.5
2 1 1
3 1 0.5
3 1 0
2 3 2
2 1 0.5
2 2 1
2 1 0.5
2 1 0.5
2 2 1
2 1 0.5
2 1 0
2 1 0.5
3 1 1
2 1 0.5
2 1 0.5
2 1 0.5
2 2 1.5
2 2 1.5
2 1 0.5
2 1 0.5
3 1 0.5
2 1 0.5
3 1 0.5
2 3 2
2 1 0
2 2 1
2 1 0.5
2 1 0.5
2 1 0.5
3 1 0.5
2 1 0.5
2 1 0.5
2 1 0.5
3 1 0.5
2 1 0.5
2 1 0.5
2 1 0.5
2 1 1
2 1 0.5
3 1 1
2 1 0
3 1 0.5
2 1 1
2 1 0
3 1 0
2 1 0.5
3 1 0.5
2 1 0.5
2 1 0
2 1 0.5
2 1 0.5
2 2 2
2 1 0.5
2 2 1.5
3 1 0.5
2 2 1.5
3 1 0.5
2 2 2
2 1 0.5
2 1 0.5
2 1 0.5
3 1 1
2 1 0.5
3 1 0.5
2 1 1
3 1 0.5
3 1 0.5
2 1 0.5
2 1 1
2 1 0.5
2 1 0.5
2 2 1.5
2 1 0.5
3 1 0.5
2 1 0.5
3 1 0.5
2 1 0.5
3 1 0.5
2 1 0.5
2 1 0.5
2 1 0.5
2 1 0.5
3 1 0
3 1 0.5
2 1 0.5
3 1 0.5
2 1 0.5
2 1 1
2 1 0.5
3 1 1
2 1 1
2 1 0
2 1 0.5
3 1 1
3 1 0.5
3 1 0.5
3 1 0.5
3 1 0.5
2 1 0.5
3 1 0.5
3 1 0.5
2 1 0.5
2 1 0.5
3 1 0.5
3 1 0.5
3 1 0.5
3 1 1
3 1 0
3 1 0.5
3 1 0.5
2 1 1
2 1 1
3 1 0.5
3 1 0.5
3 1 0
3 1 0.5
3 1 0.5
3 1 1
3 1 0.5
3 1 0.5
3 1 0.5
3 1 0
3 1 0.5
3 1 1
3 1 0.5
3 1 0
3 1 0.5
3 1 0.5
3 1 0.5
3 1 0.5
3 1 0
3 1 0
3 1 0.5
3 1 0.5
3 1 0.5
2 1 0
3 1 0
3 1 0
3 1 0.5
3 1 0.5


THIS IS FOR MOVES COMPLETED = 24

0 200 101
1 13 6.5
1 13 6.5
1 13 6.5
1 12 5
1 13 6
1 13 6.5
1 13 6
1 11 4
1 12 5
1 15 8.5
1 14 7
1 14 7.5
1 14 7.5
1 16 9
1 14 7.5
2 1 0.5
2 2 1
2 1 0.5
2 5 2
2 1 1
2 1 0.5
2 1 0.5
2 1 0.5
2 1 0.5
2 2 1.5
2 1 0.5
2 1 0.5
2 6 2.5
2 1 0
2 1 0
2 1 0.5
2 2 1
2 1 0.5
2 2 1.5
2 1 0.5
2 7 4
2 1 0.5
2 1 0.5
2 1 0.5
2 1 0
2 1 0.5
2 1 0.5
2 7 3.5
2 1 0
2 2 1
3 1 0.5
2 1 0.5
2 1 0.5
2 1 0.5
2 1 0
2 1 0.5
2 2 1.5
2 1 0.5
2 1 1
2 1 1
2 1 1
2 1 1
2 1 0.5
3 1 0.5
2 2 1.5
2 2 1
3 1 0
2 1 0.5
2 1 0.5
2 1 0.5
2 1 0
2 1 1
2 1 0.5
3 1 0
2 1 0.5
2 2 1
2 1 0.5
2 1 0.5
2 1 0.5
2 1 0.5
2 1 1
2 1 1
2 1 0.5
2 2 1
2 1 1
3 1 0.5
2 2 2
2 1 0.5
2 1 0.5
2 1 0.5
2 1 0
2 1 0.5
2 1 0.5
2 1 0.5
2 1 0
2 1 0.5
3 1 0.5
2 1 0.5
3 1 0.5
2 1 0.5
2 1 0
2 1 0.5
2 1 0.5
2 1 0.5
2 1 0.5
2 1 1
2 1 0.5
2 1 0.5
2 1 0.5
2 1 0.5
2 1 0.5
2 1 0.5
3 1 1
2 1 0.5
3 1 1
2 1 0.5
3 1 1
2 1 0.5
2 1 0.5
2 1 0.5
3 1 0.5
2 1 1
3 1 0
2 1 0.5
2 2 1
2 1 0.5
2 1 0.5
2 1 0.5
2 1 0.5
2 1 0.5
2 1 1
2 1 0.5
3 1 0
2 1 0.5
2 1 0.5
2 1 0
2 1 0.5
2 1 0.5
2 1 0.5
2 1 0
2 1 0.5
2 1 0.5
2 1 0.5
2 1 0.5
2 1 0.5
2 1 0.5
3 1 1
2 1 0
3 1 0.5
2 1 0.5
2 1 0.5
2 1 0
2 1 0.5
2 1 0.5
2 1 0.5
2 1 0.5
2 1 0.5
2 1 0.5
3 1 0.5
2 1 0.5
3 1 0.5
2 1 0.5
2 1 0.5
2 1 1
3 1 0.5
2 1 0.5
2 1 0.5
2 1 0.5
2 1 0.5
2 1 0.5
2 1 1
2 1 0.5
2 1 0.5
3 1 0.5
2 1 0
3 1 0.5
2 1 0.5
2 1 0
2 1 0.5
2 1 1
3 1 0.5
2 1 0.5
2 1 0.5
2 1 0.5
2 1 1
3 1 0.5
2 1 0
2 1 0.5
3 1 0.5
2 1 1
3 1 0.5
2 1 0.5
2 1 0.5
2 1 0
3 1 0
3 1 0.5
3 1 0.5
3 1 1
3 1 0.5
3 1 0.5
3 1 1
2 1 0.5
3 1 0
2 1 0.5
3 1 0.5


THIS IS FOR MOVES COMPLETED = 25

0 200 99.5
1 19 12
1 16 8.5
1 15 7
1 16 8.5
1 16 8.5
1 14 6
1 16 8.5
1 13 5
1 15 7
1 15 7.5
1 14 6.5
1 17 9.5
1 14 6
2 18 7
2 2 1
2 2 1
2 2 1
2 1 0
2 5 3
2 2 1.5
2 2 1
2 1 0
2 1 0.5
2 2 1
2 2 1.5
2 2 1.5
3 2 2
2 2 1.5
2 1 0
2 2 1
2 1 0
2 1 0.5
2 4 2.5
2 2 1.5
2 1 0
2 2 1.5
3 2 1
2 2 1
2 1 0
2 2 1
2 2 1
2 1 0.5
2 1 0.5
3 1 0
2 1 0.5
2 1 0.5
2 2 1
2 4 2
2 2 1
2 2 1.5
2 1 0.5
2 2 1.5
2 1 0.5
2 2 1
2 1 0
2 2 1.5
2 1 0.5
2 1 0
3 1 0.5
2 2 1.5
3 1 0.5
2 2 1
2 1 0.5
2 1 1
2 2 1.5
2 1 0
2 1 0
2 1 0
2 1 0.5
3 1 0.5
2 1 0.5
2 2 1
2 2 2
2 1 0
3 1 0.5
2 1 0.5
2 1 0.5
2 2 1
2 1 0.5
2 1 0.5
2 1 0
2 1 0.5
3 1 0.5
2 1 0.5
2 1 0.5
2 1 0.5
3 1 0.5
2 2 1.5
2 1 0.5
2 1 0.5
2 1 0.5
2 1 0.5
2 2 2
2 1 0.5
2 1 0.5
3 2 1.5
2 1 0.5
2 1 0.5
3 1 0.5
2 1 0.5
2 1 0.5
2 1 0.5
2 1 0
2 1 0.5
3 1 0.5
2 1 0.5
2 2 1.5
2 1 0
2 1 0.5
2 1 0.5
2 1 0.5
2 1 0.5
2 1 0.5
3 1 0.5
2 1 0.5
2 1 0.5
2 2 1.5
2 1 0.5
3 1 0.5
2 1 0
2 1 0.5
2 1 0.5
2 1